10 0.24296875 0.6125 0.18359375 0.2015625
10 0.22578125 0.9015625 0.2515625 0.19609375
10 0.53828125 0.71328125 0.0765625 0.2515625
10 0.51015625 0.1015625 0.1375 0.19375
10 0.62734375 0.1796875 0.23359375 0.33125
10 0.68515625 0.35859375 0.0625 0.2921875
10 0.6578125 0.51328125 0.18359375 0.29140625
10 0.7921875 0.30859375 0.07109375 0.09375
10 0.81015625 0.2234375 0.06796875 0.06796875
10 0.90859375 0.35 0.06171875 0.1078125
10 0.95703125 0.11484375 0.0421875 0.0859375
10 0.87734375 0.26953125 0.0390625 0.08515625
10 0.83203125 0.4 0.07265625 0.10625