10 0.26796875 0.36015625 0.19296875 0.21640625
10 0.09453125 0.33359375 0.0953125 0.11640625
10 0.09453125 0.7234375 0.1890625 0.159375
10 0.0265625 0.42109375 0.053125 0.1046875
10 0.02265625 0.5171875 0.0453125 0.071875
10 0.13359375 0.45390625 0.0625 0.0703125
10 0.69921875 0.8921875 0.15859375 0.1359375
10 0.91875 0.16328125 0.1625 0.1203125
10 0.6625 0.04140625 0.12734375 0.0828125
10 0.31328125 0.059375 0.06875 0.1140625
10 0.215625 0.05 0.128125 0.1
10 0.49609375 0.04140625 0.084375 0.0828125